A = [5 7 2; 
        3 NaN 4; 
        5 1 7]
A2 = [5 7 2; 
        3 4 5; 
        5 1 7];

X2=[1 1];
Z2=[9 2;
        inf inf ; 
        inf inf; 
        inf inf;
        3 4];

find(~(A==A)==1)





